<?xml version="1.0"?>
<opencv_storage>
<mtx_mac type_id="opencv-matrix">
  <rows>3</rows>
  <cols>3</cols>
  <dt>d</dt>
  <data>
    16379.897036813561 0. 1009.621028470494 0. 16362.974979689969
    434.89426092534484 0. 0. 1.</data></mtx_mac>
<dist_mac type_id="opencv-matrix">
  <rows>1</rows>
  <cols>5</cols>
  <dt>d</dt>
  <data>
    -20.662714676798963 9092.1079950723106 0.017642084595011008
    -0.087388774089526375 9.3914228740098462</data></dist_mac>
<mtx_iphone type_id="opencv-matrix">
  <rows>3</rows>
  <cols>3</cols>
  <dt>d</dt>
  <data>
    2139.7373229838345 0. 930.49802527491738 0. 2146.5277579645749
    377.21373021106075 0. 0. 1.</data></mtx_iphone>
<dist_iphone type_id="opencv-matrix">
  <rows>1</rows>
  <cols>5</cols>
  <dt>d</dt>
  <data>
    0.050830827368695555 -2.1083756743802158 -0.0056175882042601832
    0.0018195504403344376 7.226267545698021</data></dist_iphone>
<R type_id="opencv-matrix">
  <rows>3</rows>
  <cols>3</cols>
  <dt>d</dt>
  <data>
    0.99954586879223906 -0.023751824057699562 0.018544730634334934
    0.026170473554765459 0.98930768721403628 -0.14347615248930312
    -0.014938624243459575 0.14389631987353435 0.98948000820257409</data></R>
<T type_id="opencv-matrix">
  <rows>3</rows>
  <cols>1</cols>
  <dt>d</dt>
  <data>
    1.0238881294061901 37.189076477860063 -216.11955703209736</data></T>
</opencv_storage>
